19276994627052.492 73156.21014911738
20233421182943.85 71469.43374563959
21186992945398.31 69847.41556129724
22185505160479.586 68216.05198788043
23231075806468.727 66582.04588715822
24325922678887.98 64951.081429260936
25472368094742.42 63327.977842079155
26672843818465.69 61716.81686664052
27929896220018.387 60121.04907112827
29246191676080.164 58543.58303569619
30624522225792.125 56986.86056024569
32067811493046.215 55452.92039225041
33579120887883.434 53943.45246800876
35161656100155.01 52459.844270005844
36818773899220.375 51003.22059755333