38553989254104.99 49574.47780715962
40486186889043.44 48088.626037810456
42394242093241.43 46719.3787438541
44392221168814.23 45379.62591858403
46484362097254.85 44069.601672081444
48675102589970.734 42789.42642958394
50969089501264.64 41539.12162586574
53371188684935.59 40318.62259078957
55886495315407.2 39127.789869305394
58520344695275.74 37966.41918257149
61278323572202.26 36834.25020639749
64166281989153.36 35730.974317730586
67190345693126.75 34656.24143852202
70356929128681.836 33609.66608829978
73672749043836.64 32590.83274154713
77144838737190.97 31599.3005730736
80780562976495.56 30634.607663577604
84587633620312.06 29696.274728222048
88574125975898.83 28783.808423017294
92748495928020.4 27896.704276915025
97119597875012.78 27034.44929158513
101696703510149.36 26196.52424572921
106489521488145.52 25382.40573635543
111508218018516.89 24591.567985598645
116763438429472.77 23823.48443833082
122266329748084.42 23077.629172897818
128028564344624.14 22353.478144778644
134062364691227.45 21650.510280740695
140380529287395.19 20968.20843911647
146996459807326.9 20306.060250115257
153924189526668.66 19663.558848577224
161178413088972.0 19040.203510249114
168774517675003.38 18435.500201487674
176728615641017.16 17848.962051259125
185057578695223.8 17280.109753383334
193779073684944.7 16728.47190615473
202911600070364.4 16193.585295746567
212474529164365.53 15674.99512915891
222488145221680.56 15172.255221894578
232973688464516.1 14684.928145033147
243953400135911.3 14212.585335913202
255450569676396.97 13754.807176221466
267489584124020.7 13311.183040918508
280095979842524.78 12881.311321099623
293296496687397.0 12464.799423592143
307119134724689.5 12061.263749822721
321593213622912.75 11670.329656247392
336749434843983.3 11291.631398419939
352619946765141.3 10924.812060578177
369238412869967.9 10569.52347245088
386640083153148.1 10225.426114827904
404861868890435.0 9892.189015291528
423942420932414.9 9569.489635375705
443922211688142.9 9257.01375030128
464843620972549.2 8954.455322327301
486751025899708.1 8661.51636866087
509690895012647.1 8377.906824778895
533711886849356.8 8103.344403934594
558864953154072.94 7837.554453547885
585203446952758.4 7580.2698091120865
612783235722023.5 7331.230646188406
641662819891534.6 7090.1843310042705
671903456931268.6 6856.885270120965
703569291286819.2 6631.094759590004
736727490438367.6 6412.580833975593
771448387371910.9 6201.118115582196
807805629764957.0 5996.487664191242