7698655233434.029 32619.436367130562
8414713352717.021 63777.6591421312
8811286575295.092 71381.71379697863
9226549718049.133 76540.96194081691
9661383609780.225 80064.29870719639
10116710591471.926 82417.65068421274
10593496472699.154 83899.40752655934
11092752580239.791 84714.06410205108
11615537903234.361 85008.5114075724
12162961339443.988 84891.96127180578
12736184047371.209 84447.77274636288
13336421909232.844 83740.89804137294
13964948110009.191 82822.7918665928
14623095838040.08 81734.77059180789
15312261112896.062 80510.38178374492
16033905746523.104 79177.11876941477
16789560443941.713 77757.68837118849
17580828050077.506 76270.96583676447
18409386949610.184 74732.7258554189